K 11k
S 0
; 1
; 11
; 111
; 12
; 121
; 122
; 13
; 131
; 2
; 3
; 31
; 4
; 5
$
K 12k
S 0
$
K 23k
S 0
; 1
; 11
; 111
; 112
; 113
; 12
; 121
; 122
; 123
; 13
; 131
; 132
; 133
; 14
; 141
; 142
; 143
; 2
; 21
; 211
; 212
; 213
; 22
; 221
; 222
; 223
; 23
; 231
; 232
; 233
; 24
; 241
; 242
; 243
; 3
; 31
; 311
; 312
; 313
; 32
; 321
; 322
; 323
; 33
; 331
; 332
; 333
; 34
; 341
; 342
; 343
; 4
; 5
; 6
; 60
; 61
; 62
; 621
; 63
; 64
$
K 25D11k
S 0
; 1
; 11
$
K 25D3k
S 0
; 1
; 11
; 2
; 2(...)
; 21
; 3
; 3(...)
$
K 25FFk
S 0
; 1
; 11
; 111
; 112
; 113
; 114
; 115
; 12
; 13
; 131
; 132
; 14
; 141
; 142
; 143
; 15
; 151
; 152
; 153
; 2
; 21
; 211
; 212
; 213
; 214
; 215
; 22
; 23
; 231
; 232
; 24
; 241
; 242
; 243
; 25
; 251
; 252
; 253
; 3
; 31
; 311
; 312
; 313
; 314
; 315
; 32
; 33
; 331
; 332
; 34
; 341
; 342
; 343
; 35
; 351
; 352
; 353
; 4
; 41
; 411
; 412
; 413
; 414
; 415
; 42
; 43
; 431
; 432
; 44
; 441
; 442
; 443
; 45
; 451
; 452
; 453
; 5
; 51
; 511
; 512
; 513
; 514
; 515
; 52
; 53
; 531
; 532
; 54
; 541
; 542
; 543
; 55
; 551
; 552
; 553
; 6
; 61
; 611
; 612
; 613
; 614
; 615
; 62
; 63
; 631
; 632
; 64
; 641
; 642
; 643
; 65
; 651
; 652
; 653
; 7
; 70
; 71
; 711
; 712
; 713
; 714
; 715
; 7151
; 7152
; 7153
; 7154
; 72
; 721
; 722
; 723
; 724
; 73
; 731
; 732
; 7321
; 73211
; 73212
; 7322
; 7323
; 733
; 7331
; 7332
; 7333
; 7334
; 7335
; 7336
; 7337
; 734
; 7341
; 7342
; 7343
; 7349
; 735
; 7351
; 7352
; 7353
; 736
; 74
; 741
; 7411
; 7412
; 7413
; 7414
; 742
; 7421
; 7422
; 7429
; 743
; 7431
; 7432
; 744
; 7441
; 7442
; 745
; 7451
; 7452
; 7459
; 74591
; 746
; 7461
; 747
; 7471
; 74711
; 74712
; 748
; 7481
; 74811
; 74812
; 74813
; 74814
; 7482
; 74821
; 7483
; 74831
; 749
; 7491
; 75
; 751
; 7511
; 7512
; 7513
; 7514
; 7515
; 75151
; 752
; 7521
; 75211
; 75212
; 75213
; 75214
; 75215
; 75219
; 7522
; 75221
; 75222
; 75223
; 75227
; 7523
; 75231
; 75232
; 7524
; 75241
; 75242
; 75243
; 75244
; 75245
; 75246
; 75247
; 75248
; 752481
; 7525
; 75251
; 75252
; 75253
; 7526
; 75262
; 75263
; 7527
; 75273
; 75274
; 75278
; 753
; 7531
; 7532
; 7533
; 7534
; 7535
; 7536
; 7537
; 75371
; 7539
; 754
; 7541
; 7542
; 7543
; 7544
; 7547
; 755
; 7551
; 7552
; 7553
; 7554
; 75541
; 75542
; 7555
; 75551
; 75552
; 7556
; 75561
; 75562
; 75563
; 75564
; 75565
; 7557
; 75571
; 7559
; 756
; 7561
; 7562
; 757
; 7571
; 75711
; 75712
; 75713
; 75717
; 7573
; 75731
; 75732
; 757321
; 75733
; 757331
; 758
; 76
; 761
; 762
; 7621
; 763
; 764
; 7641
; 765
; 766
; 767
; 77
; 771
; 772
; 779
; 78
; 781
; 782
; 783
; 789
; 7891
; 7892
; 7893
; 79
; 791
; 7911
; 792
; 793
; 7q15
; 7q51
; 7q511
; 7q514
; 7q5231
; 7q5232
; 7q524
; 7q5243
; 7q5246
; 7q561
; 7q5717
; 7q58
; 7q65
; 7q93
$
K 25FFkq
S 1
; 11
; 12
; 13
; 14
; 15
; 2
; 3
; 31
; 32
; 4
; 41
; 42
; 43
; 5
; 51
; 52
; 53
$
K 25Fk
S 0
; 1
; 11
; 12
; 13
; 14
; 15
; 151
; 152
; 153
; 154
; 2
; 21
; 22
; 23
; 24
; 3
; 31
; 32
; 321
; 3211
; 3212
; 322
; 323
; 33
; 331
; 332
; 333
; 334
; 335
; 336
; 337
; 34
; 341
; 342
; 343
; 349
; 35
; 351
; 352
; 353
; 36
; 4
; 41
; 411
; 412
; 413
; 414
; 42
; 421
; 422
; 429
; 43
; 431
; 432
; 44
; 441
; 442
; 45
; 451
; 452
; 459
; 4591
; 46
; 461
; 47
; 471
; 4711
; 4712
; 48
; 481
; 4811
; 4812
; 4813
; 4814
; 482
; 4821
; 483
; 4831
; 49
; 491
; 5
; 51
; 511
; 512
; 513
; 514
; 515
; 5151
; 52
; 521
; 5211
; 5212
; 5213
; 5214
; 5215
; 5219
; 522
; 5221
; 5222
; 5223
; 5227
; 523
; 5231
; 5232
; 524
; 5241
; 5242
; 5243
; 5244
; 5245
; 5246
; 5247
; 5248
; 52481
; 525
; 5251
; 5252
; 5253
; 526
; 5262
; 5263
; 527
; 5273
; 5274
; 5278
; 53
; 531
; 532
; 533
; 534
; 535
; 536
; 537
; 5371
; 539
; 54
; 541
; 542
; 543
; 544
; 547
; 55
; 551
; 552
; 553
; 554
; 5541
; 5542
; 555
; 5551
; 5552
; 556
; 5561
; 5562
; 5563
; 5564
; 5565
; 557
; 5571
; 559
; 56
; 561
; 562
; 57
; 571
; 5711
; 5712
; 5713
; 5717
; 573
; 5731
; 5732
; 57321
; 5733
; 57331
; 58
; 6
; 61
; 62
; 621
; 63
; 64
; 641
; 65
; 66
; 67
; 7
; 71
; 72
; 79
; 8
; 81
; 82
; 83
; 89
; 891
; 892
; 893
; 9
; 91
; 911
; 92
; 93
$
K 25Gk
S 0
; 1
; 11
; 12
; 13
; 14
; 15
; 2
; 21
; 211
; 22
; 221
; 222
; 223
; 224
; 225
; 23
; 24
; 241
; 25
; 26
; 27
; 29
; 3
; 31
; 32
; 33
; 34
; 341
; 35
; 351
; 36
; 361
; 362
; 363
; 37
; 371
; 39
; 39(...)
$
K 25Hk
S 0
; 1
$
K 25Ik
S 0
; 1
$
K 25Kk
S 0
; 1
$
K 25Lk
S 0
; 1
$
K 2k
S 0
$
K 31A42k
S 0
; 1
; 11
; 111
; 112
; 113
; 114
; 1141
; 1142
; 1143
; 115
; 12
; 121
; 13
; 131
; 132
; 14
; 141
; 142
; 15
; 151
; 152
; 16
; 161
; 162
; 163
; 2
; 21
; 211
; 212
; 213
; 214
; 2141
; 2142
; 2143
; 215
; 22
; 221
; 23
; 231
; 232
; 24
; 241
; 242
; 25
; 251
; 252
; 26
; 261
; 262
; 263
; 3
; 31
; 311
; 312
; 313
; 314
; 3141
; 3142
; 3143
; 315
; 32
; 321
; 33
; 331
; 332
; 34
; 341
; 342
; 35
; 351
; 352
; 36
; 361
; 362
; 363
; 4
; 41
; 411
; 412
; 413
; 414
; 4141
; 4142
; 4143
; 415
; 42
; 421
; 43
; 431
; 432
; 44
; 441
; 442
; 45
; 451
; 452
; 46
; 461
; 462
; 463
; 5
; 51
; 511
; 512
; 513
; 514
; 5141
; 5142
; 5143
; 515
; 52
; 521
; 53
; 531
; 532
; 54
; 541
; 542
; 55
; 551
; 552
; 56
; 561
; 562
; 563
; 6
; 61
; 611
; 612
; 613
; 614
; 6141
; 6142
; 6143
; 615
; 62
; 621
; 63
; 631
; 632
; 64
; 641
; 642
; 65
; 651
; 652
; 66
; 661
; 662
; 663
$
K 31A42kq
S 1
; 11
; 12
; 13
; 14
; 141
; 142
; 143
; 15
; 2
; 21
; 3
; 31
; 32
; 4
; 41
; 42
; 5
; 51
; 52
; 6
; 61
; 62
; 63
$
K 31A44k
S 0
; 1
; 11
; 111
; 112
; 113
; 114
; 1141
; 1142
; 1143
; 115
; 12
; 121
; 13
; 131
; 132
; 14
; 141
; 142
; 15
; 151
; 152
; 16
; 161
; 162
; 163
; 2
; 21
; 211
; 212
; 213
; 214
; 2141
; 2142
; 2143
; 215
; 22
; 221
; 23
; 231
; 232
; 24
; 241
; 242
; 25
; 251
; 252
; 26
; 261
; 262
; 263
; 3
; 31
; 311
; 312
; 313
; 314
; 3141
; 3142
; 3143
; 315
; 32
; 321
; 33
; 331
; 332
; 34
; 341
; 342
; 35
; 351
; 352
; 36
; 361
; 362
; 363
; 4
; 41
; 411
; 412
; 413
; 414
; 4141
; 4142
; 4143
; 415
; 42
; 421
; 43
; 431
; 432
; 44
; 441
; 442
; 45
; 451
; 452
; 46
; 461
; 462
; 463
; 5
; 51
; 511
; 512
; 513
; 514
; 5141
; 5142
; 5143
; 515
; 52
; 521
; 53
; 531
; 532
; 54
; 541
; 542
; 55
; 551
; 552
; 56
; 561
; 562
; 563
; 6
; 61
; 611
; 612
; 613
; 614
; 6141
; 6142
; 6143
; 615
; 62
; 621
; 63
; 631
; 632
; 64
; 641
; 642
; 65
; 651
; 652
; 66
; 661
; 662
; 663
$
K 31A44kq
S 1
; 11
; 12
; 13
; 14
; 141
; 142
; 143
; 15
; 2
; 21
; 3
; 31
; 32
; 4
; 41
; 42
; 5
; 51
; 52
; 6
; 61
; 62
; 63
$
K 31A45k
S 0
; 1
; 2
; 21
; 22
; 221
; 222
; 23
; 3
; 31
; 4
; 41
; 42
$
K 31A54k
S 0
; 1
; 2
; 3
$
K 31E23k
S 0
; 1
; 2
; 21
; 3
; 31
; 311
; 32
; 33
; 4
; 41
; 42
; 42(...)
; 5
; 6
; 61
; 61(...)
; 7
; 71
; 72
; 79
; 791
; 8
; 9
$
K 31F2k
S 0
; 1
; 2
; 3
; 4
; 5
; 6
$
K 31k
S 0
; 1
; 2
; 21
; 3
; 31
; 32
; 33
; 4
; 5
; 51
; 511
; 52
; 53
; 54
; 55
; 56
; 57
; 571
; 6
; 61
; 62
; 63
; 64
; 65
; 66
; 7
; 71
; 72
; 73
; 74
; 75
; 76
; 77
; 78
; 79
; 8
; 81
; 811
; 812
; 813
; 82
; 821
; 822
; 823
; 89
; 9
; 91
; 911
; 9111
; 9112
; 9113
; 912
; 9121
; 9129
; 913
; 9131
; 914
; 9141
; 915
; 916
; 9161
; 9162
; 9163
; 9164
; 917
; 918
; 919
; 92
; 921
; 9211
; 9212
; 9213
; 922
; 9221
; 9222
; 9223
; 9224
; 9225
; 923
; 9231
; 9232
; 924
; 925
; 926
; 927
; 9271
; 928
; 9281
; 929
; 93
; 931
; 932
; 9321
; 9322
; 9323
; 93231
; 9324
; 9325
; 933
; 9331
; 934
; 9341
; 935
; 936
; 937
; 9371
; 938
; 939
; 94
; 941
; 9411
; 9412
; 94121
; 942
; 943
$
K 32Bk
S 0
; 1
; 2
; 3
; 4
; 5
; 51
; 52
; 53
; 54
; 55
; 9
$
K 34k
S 0
; 1
; 11
; 19
; 2
; 21
; 22
; 3
; 31
; 32
; 4
; 41
; 42
; 43
; 5
; 51
; 511
; 52
; 53
; 6
; 61
; 7
; 8
; 9
; 90
; 91
; 911
; 912
; 913
; 914
; 915
; 9151
; 9152
; 9153
; 9154
; 92
; 921
; 922
; 923
; 924
; 93
; 931
; 932
; 9321
; 93211
; 93212
; 9322
; 9323
; 933
; 9331
; 9332
; 9333
; 9334
; 9335
; 9336
; 9337
; 934
; 9341
; 9342
; 9343
; 9349
; 935
; 9351
; 9352
; 9353
; 936
; 94
; 941
; 9411
; 9412
; 9413
; 9414
; 942
; 9421
; 9422
; 9429
; 943
; 9431
; 9432
; 944
; 9441
; 9442
; 945
; 9451
; 9452
; 9459
; 94591
; 946
; 9461
; 947
; 9471
; 94711
; 94712
; 948
; 9481
; 94811
; 94812
; 94813
; 94814
; 9482
; 94821
; 9483
; 94831
; 949
; 9491
; 95
; 951
; 9511
; 9512
; 9513
; 9514
; 9515
; 95151
; 952
; 9521
; 95211
; 95212
; 95213
; 95214
; 95215
; 95219
; 9522
; 95221
; 95222
; 95223
; 95227
; 9523
; 95231
; 95232
; 9524
; 95241
; 95242
; 95243
; 95244
; 95245
; 95246
; 95247
; 95248
; 952481
; 9525
; 95251
; 95252
; 95253
; 9526
; 95262
; 95263
; 9527
; 95273
; 95274
; 95278
; 953
; 9531
; 9532
; 9533
; 9534
; 9535
; 9536
; 9537
; 95371
; 9539
; 954
; 9541
; 9542
; 9543
; 9544
; 9547
; 955
; 9551
; 9552
; 9553
; 9554
; 95541
; 95542
; 9555
; 95551
; 95552
; 9556
; 95561
; 95562
; 95563
; 95564
; 95565
; 9557
; 95571
; 9559
; 956
; 9561
; 9562
; 957
; 9571
; 95711
; 95712
; 95713
; 95717
; 9573
; 95731
; 95732
; 957321
; 95733
; 957331
; 958
; 96
; 961
; 962
; 9621
; 963
; 964
; 9641
; 965
; 966
; 967
; 97
; 971
; 972
; 979
; 98
; 981
; 982
; 983
; 989
; 9891
; 9892
; 9893
; 99
; 991
; 9911
; 992
; 993
; 9q15
; 9q51
; 9q511
; 9q514
; 9q5231
; 9q5232
; 9q524
; 9q5243
; 9q5246
; 9q561
; 9q5717
; 9q58
; 9q65
$
K 3k
S 0
$
K 41B3k
S 0
; 1
; 2
; 3
$
K 41Cm
S 0
; 1
; 2
; 3
; 4
; 5
; 51
; 52
; 53
; 54
; 55
; 9
$
K 41Cn
S 0
; 1
; 11
; 2
; 3
; 4
; 5
; 6
; 61
; 62
; 7
$
K 41Dk
S 0
; 1
; 2
; 21
; 22
; 23
; 24
; 3
; 4
; 41
; 411
; 42
; 43
; 44
; 45
; 5
; 6
; 7
; 8
; 81
; 811
; 82
; 821
; 83
; 831
; 832
$
K 41k
S 0
; 1
; 2
; 3
; 4
; 5
; 6
; 9
$
K 43Ak
S 0
; 1
; 11
; 12
; 13
; 2
; 21
; 3
; 4
; 5
; 6
; 61
; 7
; 71
; 8
; 9
; 91
; 92
$
K 43B3k
S 0
; 1
; 11
; 12
; 13
; 2
; 21
; 29
; 3
; 4
; 9
$
K 43C1k
S 0
; 1
; 11
; 12
; 2
; 21
; 22
; 221
; 23
; 24
; 25
; 26
; 3
; 31
; 311
; 3111
; 32
; 321
; 322
; 3221
; 4
; 4(...)
; 41
; 411
; 4111
; 4112
; 4113
; 4114
; 412
; 413
; 414
; 4141
; 4142
; 415
; 416
; 4161
; 41611
; 41612
; 41613
; 41614
; 4162
; 41621
; 4163
; 4164
; 4165
; 4166
; 417
; 4171
; 4179
; 4179(...)
; 42
; 421
; 422
; 423
; 424
; 4241
; 4242
; 425
; 43
; 431
; 432
; 4321
; 433
; 5
; 51
; 6
; 61
; 7
; 8
; 81
; 9
$
K 43Ck
S 0
; 1
; 11
; 12
; 2
; 21
; 22
; 221
; 23
; 24
; 25
; 26
; 29
; 3
; 31
; 311
; 3111
; 32
; 321
; 322
; 3221
; 4
; 4(...)
; 4(BALL)
; 41
; 5
; 51
; 6
; 61
; 7
; 8
; 81
; 9
$
K 44Ak
S 0
; 1
; 1(...)
; 2
; 2(...)
; 3
; 3(...)
; 4
; 4(...)
; 5
; 5(...)
; 6
; 6(...)
$
K 44Gk
S 0
; 1
; 11
; 12
; 13
; 14
; 2
; 21
; 22
; 23
; 24
; 25
; 26
; 27
; 28
; 3
; 31
; 32
; 33
; 34
; 35
; 39
; 4
; 41
; 42
; 43
; 44
; 45
; 46
; 47
; 48
; 481
; 482
; 483
; 484
; 49
; 5
; 51
; 511
; 512
; 52
; 53
; 54
; 55
; 551
; 56
; 561
; 57
; 571
; 58
; 59
; 591
; 6
; 61
; 62
$
K 45k
S 0
; 1
; 11
; 12
; 2
; 21
; 21(...)
; 211
; 212
; 22
; 22(...)
; 221
; 23
; 231
; 232
; 24
; 25
; 26
; 27
; 28
; 29
; 3
; 31
; 32
; 32(...)
; 33
; 34
; 35
; 4
; 41
; 42
; 43
; 44
; 441
; 45
; 5
; 51
; 52
; 53
; 54
; 541
; 542
; 543
; 6
; 61
; 611
; 62
; 63
; 631
; 64
; 65
; 66
; 67
; 69
; 7
; 71
; 72
; 73
; 731
; 74
; 75
$
K 46Ck
S 0
; 1
; 11
; 12
; 13
; 2
; 21
; 22
; 23
; 24
; 3
; 31
; 32
; 33
; 34
; 35
; 36
; 37
; 38
; 39
; 4
; 41
; 42
; 43
; 5
; 51
; 511
; 52
; 53
; 54
; 6
; 61
; 611
; 612
; 62
; 621
; 622
; 623
; 63
; 631
; 632
; 64
; 641
; 642
; 643
; 644
; 7
; 70
; 71
; 711
; 712
; 713
; 714
; 715
; 7151
; 7152
; 7153
; 7154
; 72
; 721
; 722
; 723
; 724
; 73
; 731
; 732
; 7321
; 73211
; 73212
; 7322
; 7323
; 733
; 7331
; 7332
; 7333
; 7334
; 7335
; 7336
; 7337
; 734
; 7341
; 7342
; 7343
; 7349
; 735
; 7351
; 7352
; 7353
; 736
; 74
; 741
; 7411
; 7412
; 7413
; 7414
; 742
; 7421
; 7422
; 7429
; 743
; 7431
; 7432
; 744
; 7441
; 7442
; 745
; 7451
; 7452
; 7459
; 74591
; 746
; 7461
; 747
; 7471
; 74711
; 74712
; 748
; 7481
; 74811
; 74812
; 74813
; 74814
; 7482
; 74821
; 7483
; 74831
; 749
; 7491
; 75
; 751
; 7511
; 7512
; 7513
; 7514
; 7515
; 75151
; 752
; 7521
; 75211
; 75212
; 75213
; 75214
; 75215
; 75219
; 7522
; 75221
; 75222
; 75223
; 75227
; 7523
; 75231
; 75232
; 7524
; 75241
; 75242
; 75243
; 75244
; 75245
; 75246
; 75247
; 75248
; 752481
; 7525
; 75251
; 75252
; 75253
; 7526
; 75262
; 75263
; 7527
; 75273
; 75274
; 75278
; 753
; 7531
; 7532
; 7533
; 7534
; 7535
; 7536
; 7537
; 75371
; 7539
; 754
; 7541
; 7542
; 7543
; 7544
; 7547
; 755
; 7551
; 7552
; 7553
; 7554
; 75541
; 75542
; 7555
; 75551
; 75552
; 7556
; 75561
; 75562
; 75563
; 75564
; 75565
; 7557
; 75571
; 7559
; 756
; 7561
; 7562
; 757
; 7571
; 75711
; 75712
; 75713
; 75717
; 7573
; 75731
; 75732
; 757321
; 75733
; 757331
; 758
; 76
; 761
; 762
; 7621
; 763
; 764
; 7641
; 765
; 766
; 767
; 77
; 771
; 772
; 779
; 78
; 781
; 782
; 783
; 789
; 7891
; 7892
; 7893
; 79
; 791
; 7911
; 792
; 793
; 7q15
; 7q51
; 7q511
; 7q514
; 7q5231
; 7q5232
; 7q524
; 7q5243
; 7q5246
; 7q561
; 7q5717
; 7q58
; 7q65
; 8
; 81
; 82
; 83
; 84
; 85
; 9
; 91
; 92
; 93
$
K 47k
S 0
; 1
; 11
; 12
; 121
; 122
; 13
; 14
; 15
; 2
; 21
; 22
; 23
; 24
; 3
; 31
; 32
; 33
; 34
; 35
; 36
; 4
; 41
; 411
; 412
; 42
; 421
; 43
; 431
; 432
; 44
; 441
; 4411
; 4412
; 442
; 443
; 444
; 445
; 45
; 451
; 4511
; 452
; 453
; 454
; 455
; 456
; 456(...)
; 46
; 461
; 462
; 47
; 48
; 5
; 51
; 52
; 53
; 54
; 55
; 56
; 57
; 58
; 59
; 6
; 61
; 611
; 612
; 6121
; 62
; 63
; 64
; 65
; 66
; 67
; 671
; 69
; 691
; 6911
; 6912
; 6913
; 692
; 6921
; 6922
; 699
; 7
; 71
; 72
; 73
; 8
; 81
; 82
; 83
; 84
; 85
; 89
; 891
; 8911
; 8912
; 8913
; 8914
; 8915
; 892
; 8921
; 89211
; 8922
; 89221
; 89222
; 89223
; 89224
; 89225
; 8923
; 8924
; 89241
; 8925
; 8926
; 8927
; 8929
; 893
; 8931
; 8932
; 8933
; 8934
; 89341
; 8935
; 89351
; 8936
; 89361
; 89362
; 89363
; 8937
; 89371
; 8939
; 8939(...)
; 89q21
; 89q34
; 89q35
; 9
; 90
; 91
; 911
; 912
; 913
; 914
; 915
; 9151
; 9152
; 9153
; 9154
; 92
; 921
; 922
; 923
; 924
; 93
; 931
; 932
; 9321
; 93211
; 93212
; 9322
; 9323
; 933
; 9331
; 9332
; 9333
; 9334
; 9335
; 9336
; 9337
; 934
; 9341
; 9342
; 9343
; 9349
; 935
; 9351
; 9352
; 9353
; 936
; 94
; 941
; 9411
; 9412
; 9413
; 9414
; 942
; 9421
; 9422
; 9429
; 943
; 9431
; 9432
; 944
; 9441
; 9442
; 945
; 9451
; 9452
; 9459
; 94591
; 946
; 9461
; 947
; 9471
; 94711
; 94712
; 948
; 9481
; 94811
; 94812
; 94813
; 94814
; 9482
; 94821
; 9483
; 94831
; 949
; 9491
; 95
; 951
; 9511
; 9512
; 9513
; 9514
; 9515
; 95151
; 952
; 9521
; 95211
; 95212
; 95213
; 95214
; 95215
; 95219
; 9522
; 95221
; 95222
; 95223
; 95227
; 9523
; 95231
; 95232
; 9524
; 95241
; 95242
; 95243
; 95244
; 95245
; 95246
; 95247
; 95248
; 952481
; 9525
; 95251
; 95252
; 95253
; 9526
; 95262
; 95263
; 9527
; 95273
; 95274
; 95278
; 953
; 9531
; 9532
; 9533
; 9534
; 9535
; 9536
; 9537
; 95371
; 9539
; 954
; 9541
; 9542
; 9543
; 9544
; 9547
; 955
; 9551
; 9552
; 9553
; 9554
; 95541
; 95542
; 9555
; 95551
; 95552
; 9556
; 95561
; 95562
; 95563
; 95564
; 95565
; 9557
; 95571
; 9559
; 956
; 9561
; 9562
; 957
; 9571
; 95711
; 95712
; 95713
; 95717
; 9573
; 95731
; 95732
; 957321
; 95733
; 957331
; 958
; 96
; 961
; 962
; 9621
; 963
; 964
; 9641
; 965
; 966
; 967
; 97
; 971
; 972
; 979
; 98
; 981
; 982
; 983
; 989
; 9891
; 9892
; 9893
; 99
; 991
; 9911
; 992
; 993
; 9q15
; 9q51
; 9q511
; 9q514
; 9q5231
; 9q5232
; 9q524
; 9q5243
; 9q5246
; 9q561
; 9q5717
; 9q58
; 9q65
$
K 48A98k
S 0
; 1
; 11
; 111
; 1111
; 1112
; 112
; 1121
; 1122
; 113
; 1131
; 1132
; 12
; 121
; 13
; 2
; 21
; 22
; 3
; 31
; 311
; 312
; 32
; 321
; 322
; 4
; 5
; 51
; 52
; 53
; 54
; 55
; 6
; 61
; 611
; 612
; 6121
; 6122
; 6123
; 62
; 621
; 622
; 63
; 631
; 632
; 633
; 64
; 641
; 642
; 643
; 644
; 65
; 651
; 6511
; 652
; 66
; 661
; 67
; 671
; 672
; 7
; 71
; 71(...)
; 72
; 721
; 722
; 722(...)
; 723
; 724
; 7241
; 7242
; 7243
; 725
; 726
; 73
; 73(...)
; 74
; 741
; 7411
; 7412
; 742
; 7421
; 74211
; 74212
; 74213
; 7422
; 74221
; 742211
; 74222
; 743
; 744
; 745
; 746
; 747
; 748
; 748(...)
; 75
; 75(...)
; 76
; 76(...)
; 761
; 7611
; 76111
; 76112
; 7612
; 76121
; 7613
; 762
; 7621
; 7622
; 763
; 764
$
K 48k
S 0
; 1
; 10
; 101
; 11
; 111
; 12
; 121
; 122
; 123
; 124
; 1241
; 1242
; 13
; 14
; 141
; 142
; 143
; 15
; 16
; 17
; 19
; 2
; 21
; 22
; 23
; 24
; 25
; 26
; 27
; 3
; 31
; 32
; 321
; 33
; 331
; 332
; 333
; 334
; 335
; 336
; 34
; 341
; 342
; 343
; 35
; 351
; 3511
; 352
; 353
; 354
; 355
; 3551
; 3552
; 3553
; 36
; 361
; 362
; 37
; 371
; 372
; 373
; 374
; 38
; 381
; 382
; 383
; 384
; 385
; 386
; 39
; 391
; 4
; 41
; 411
; 412
; 413
; 414
; 42
; 421
; 422
; 4221
; 42211
; 423
; 43
; 431
; 4311
; 4312
; 49
; 5
; 51
; 52
; 53
; 54
; 6
; 61
; 611
; 612
; 6121
; 6122
; 6123
; 62
; 621
; 622
; 63
; 631
; 632
; 633
; 64
; 641
; 642
; 643
; 644
; 65
; 651
; 6511
; 652
; 66
; 661
; 67
; 671
; 672
; 7
; 71
; 71(...)
; 72
; 721
; 722
; 722(...)
; 723
; 724
; 7241
; 7242
; 7243
; 725
; 726
; 73
; 73(...)
; 74
; 741
; 7411
; 7412
; 742
; 7421
; 74211
; 74212
; 74213
; 7422
; 74221
; 742211
; 74222
; 743
; 744
; 745
; 746
; 747
; 748
; 748(...)
; 75
; 75(...)
; 76
; 76(...)
; 761
; 7611
; 76111
; 761111
; 76112
; 761121
; 7612
; 76121
; 7613
; 762
; 7621
; 7622
; 763
; 764
$
K 49Bk
S 0
; 1
; 2
; 21
; 3
; 31
; 32
; 4
; 5
; 51
; 6
; 7
; 71
; 72
; 8
; 9
; 91
; 92
; 93
; 94
; 95
$
K 49k
S 0
; 1
; 10
; 101
; 11
; 12
; 13
; 14
; 2
; 21
; 22
; 3
; 4
; 5
; 51
; 52
; 52(...)
; 52(GYROSCOPE)
; 53
; 531
; 54
; 541
; 55
; 551
; 56
; 561
; 57
; 59
; 591
; 6
; 61
; 62
; 63
; 64
; 7
; 8
; 9
$
K 4k
S 0
$
K 5k
S 0
; 1
; 11
; 111
; 1111
; 112
; 1121
; 113
; 1131
; 12
; 121
; 1211
; 122
; 1221
; 123
; 1231
; 13
; 131
; 1311
; 132
; 1321
; 133
; 1331
; 14
; 141
; 1411
; 142
; 1421
; 143
; 1431
; 2
; 21
; 22
; 221
; 3
; 4
; 5
; 51
; 6
$
K 5kq
S 1
; 11
; 2
; 21
; 3
; 31
$
K 61Ak
S 0
; 1
; 2
; 3
; 4
$
K 61Bk
S 0
; 1
; 2
; 3
; 31
; 32
; 33
; 34
; 35
; 4
; 5
; 51
; 511
; 512
; 513
; 514
; 52
; 521
; 522
; 523
; 53
; 54
; 55
; 56
$
K 6k
S 0
$
K 7k
S 0
; 1
; 11
; 111
; 12
; 121
; 122
; 13
; 131
; 2
; 3
; 31
; 4
; 5
$
K 8k
S 0
$
K 91k
S 0
; 1
; 11
; 12
; 2
; 3
; 4
; 5
; 6
; 68
; 69
; 7
; 78
; 8
; 9
$
K 92k
S 0
; 1
; 11
; 12
; 2
; 3
; 4
; 5
; 6
; 68
; 69
; 7
; 78
; 8
; 9
$
K 93k
S 0
; 1
; 11
; 12
; 2
; 3
; 4
; 5
; 6
; 68
; 69
; 7
; 78
; 8
; 9
$
K 96Ak
S 0
; 1
; 11
; 12
; 2
; 3
; 4
; 5
; 6
; 68
; 69
; 7
; 78
; 8
; 9
$
K 98k
S 0
; 1
; 2
; 3
; 31
; 32
; 33
; 4
; 5
; 51
; 511
; 512
; 513
; 514
; 52
; 521
; 522
; 523
; 53
; 54
; 55
; 56
; 8
; 9
$
K 9k
S 0
$
